63
NULL 0 Common 0
Joined 7 0,255,0,255,0,0,0,0,0,0 Latin 1 0 1 Joined	# Joined [4a 6f 69 6e 65 64 ]a
|Broken|0|1 15 0,255,0,255,0,0,0,0,0,0 Common 2 10 2 |Broken|0|1	# Broken
v 3 0,255,0,255,0,0,0,0,0,0 Latin 18 0 3 v	# v [76 ]a
L 5 0,255,0,255,0,0,0,0,0,0 Latin 42 0 4 L	# L [4c ]A
h 3 0,255,0,255,0,0,0,0,0,0 Latin 14 0 5 h	# h [68 ]a
u 3 0,255,0,255,0,0,0,0,0,0 Latin 24 0 6 u	# u [75 ]a
Y 5 0,255,0,255,0,0,0,0,0,0 Latin 22 0 7 Y	# Y [59 ]A
j 3 0,255,0,255,0,0,0,0,0,0 Latin 26 0 8 j	# j [6a ]a
Z 5 0,255,0,255,0,0,0,0,0,0 Latin 31 0 9 Z	# Z [5a ]A
t 3 0,255,0,255,0,0,0,0,0,0 Latin 47 0 10 t	# t [74 ]a
g 3 0,255,0,255,0,0,0,0,0,0 Latin 32 0 11 g	# g [67 ]a
F 5 0,255,0,255,0,0,0,0,0,0 Latin 13 0 12 F	# F [46 ]A
f 3 0,255,0,255,0,0,0,0,0,0 Latin 12 0 13 f	# f [66 ]a
H 5 0,255,0,255,0,0,0,0,0,0 Latin 5 0 14 H	# H [48 ]A
C 5 0,255,0,255,0,0,0,0,0,0 Latin 38 0 15 C	# C [43 ]A
D 5 0,255,0,255,0,0,0,0,0,0 Latin 27 0 16 D	# D [44 ]A
. 16 0,255,0,255,0,0,0,0,0,0 Common 17 6 17 .	# . [2e ]p
V 5 0,255,0,255,0,0,0,0,0,0 Latin 3 0 18 V	# V [56 ]A
n 3 0,255,0,255,0,0,0,0,0,0 Latin 23 0 19 n	# n [6e ]a
Q 5 0,255,0,255,0,0,0,0,0,0 Latin 45 0 20 Q	# Q [51 ]A
x 3 0,255,0,255,0,0,0,0,0,0 Latin 35 0 21 x	# x [78 ]a
y 3 0,255,0,255,0,0,0,0,0,0 Latin 7 0 22 y	# y [79 ]a
N 5 0,255,0,255,0,0,0,0,0,0 Latin 19 0 23 N	# N [4e ]A
U 5 0,255,0,255,0,0,0,0,0,0 Latin 6 0 24 U	# U [55 ]A
W 5 0,255,0,255,0,0,0,0,0,0 Latin 50 0 25 W	# W [57 ]A
J 5 0,255,0,255,0,0,0,0,0,0 Latin 8 0 26 J	# J [4a ]A
d 3 0,255,0,255,0,0,0,0,0,0 Latin 16 0 27 d	# d [64 ]a
I 5 0,255,0,255,0,0,0,0,0,0 Latin 41 0 28 I	# I [49 ]A
A 5 0,255,0,255,0,0,0,0,0,0 Latin 51 0 29 A	# A [41 ]A
B 5 0,255,0,255,0,0,0,0,0,0 Latin 54 0 30 B	# B [42 ]A
z 3 0,255,0,255,0,0,0,0,0,0 Latin 9 0 31 z	# z [7a ]a
G 5 0,255,0,255,0,0,0,0,0,0 Latin 11 0 32 G	# G [47 ]A
r 3 0,255,0,255,0,0,0,0,0,0 Latin 43 0 33 r	# r [72 ]a
p 3 0,255,0,255,0,0,0,0,0,0 Latin 48 0 34 p	# p [70 ]a
X 5 0,255,0,255,0,0,0,0,0,0 Latin 21 0 35 X	# X [58 ]A
k 3 0,255,0,255,0,0,0,0,0,0 Latin 40 0 36 k	# k [6b ]a
o 3 0,255,0,255,0,0,0,0,0,0 Latin 55 0 37 o	# o [6f ]a
c 3 0,255,0,255,0,0,0,0,0,0 Latin 15 0 38 c	# c [63 ]a
S 5 0,255,0,255,0,0,0,0,0,0 Latin 52 0 39 S	# S [53 ]A
K 5 0,255,0,255,0,0,0,0,0,0 Latin 36 0 40 K	# K [4b ]A
i 3 0,255,0,255,0,0,0,0,0,0 Latin 28 0 41 i	# i [69 ]a
l 3 0,255,0,255,0,0,0,0,0,0 Latin 4 0 42 l	# l [6c ]a
R 5 0,255,0,255,0,0,0,0,0,0 Latin 33 0 43 R	# R [52 ]A
m 3 0,255,0,255,0,0,0,0,0,0 Latin 46 0 44 m	# m [6d ]a
q 3 0,255,0,255,0,0,0,0,0,0 Latin 20 0 45 q	# q [71 ]a
M 5 0,255,0,255,0,0,0,0,0,0 Latin 44 0 46 M	# M [4d ]A
T 5 0,255,0,255,0,0,0,0,0,0 Latin 10 0 47 T	# T [54 ]A
P 5 0,255,0,255,0,0,0,0,0,0 Latin 34 0 48 P	# P [50 ]A
E 5 0,255,0,255,0,0,0,0,0,0 Latin 53 0 49 E	# E [45 ]A
w 3 0,255,0,255,0,0,0,0,0,0 Latin 25 0 50 w	# w [77 ]a
a 3 0,255,0,255,0,0,0,0,0,0 Latin 29 0 51 a	# a [61 ]a
s 3 0,255,0,255,0,0,0,0,0,0 Latin 39 0 52 s	# s [73 ]a
e 3 0,255,0,255,0,0,0,0,0,0 Latin 49 0 53 e	# e [65 ]a
b 3 0,255,0,255,0,0,0,0,0,0 Latin 30 0 54 b	# b [62 ]a
O 5 0,255,0,255,0,0,0,0,0,0 Latin 37 0 55 O	# O [4f ]A
0 8 0,255,0,255,0,0,0,0,0,0 Common 56 2 56 0	# 0 [30 ]0
! 16 0,255,0,255,0,0,0,0,0,0 Common 57 10 57 !	# ! [21 ]p
¥ 0 0,255,0,255,0,0,0,0,0,0 Common 58 4 58 ¥	# ¥ [a5 ]
4 8 0,255,0,255,0,0,0,0,0,0 Common 59 2 59 4	# 4 [34 ]0
' 16 0,255,0,255,0,0,0,0,0,0 Common 60 10 60 '	# ' [27 ]p
] 16 0,255,0,255,0,0,0,0,0,0 Common 61 10 0 ]	# ] [5d ]p
| 0 0,255,0,255,0,0,0,0,0,0 Common 62 10 62 |	# | [7c ]
