67
NULL 0 Common 0
Joined 7 0,255,0,255,0,0,0,0,0,0 Latin 1 0 1 Joined	# Joined [4a 6f 69 6e 65 64 ]a
|Broken|0|1 15 0,255,0,255,0,0,0,0,0,0 Common 2 10 2 |Broken|0|1	# Broken
S 5 0,255,0,255,0,0,0,0,0,0 Latin 57 0 3 S	# S [53 ]A
x 3 0,255,0,255,0,0,0,0,0,0 Latin 26 0 4 x	# x [78 ]a
a 3 0,255,0,255,0,0,0,0,0,0 Latin 50 0 5 a	# a [61 ]a
R 5 0,255,0,255,0,0,0,0,0,0 Latin 59 0 6 R	# R [52 ]A
I 5 0,255,0,255,0,0,0,0,0,0 Latin 16 0 7 I	# I [49 ]A
U 5 0,255,0,255,0,0,0,0,0,0 Latin 45 0 8 U	# U [55 ]A
n 3 0,255,0,255,0,0,0,0,0,0 Latin 29 0 9 n	# n [6e ]a
o 3 0,255,0,255,0,0,0,0,0,0 Latin 13 0 10 o	# o [6f ]a
e 3 0,255,0,255,0,0,0,0,0,0 Latin 24 0 11 e	# e [65 ]a
l 3 0,255,0,255,0,0,0,0,0,0 Latin 19 0 12 l	# l [6c ]a
O 5 0,255,0,255,0,0,0,0,0,0 Latin 10 0 13 O	# O [4f ]A
8 8 0,255,0,255,0,0,0,0,0,0 Common 14 2 14 8	# 8 [38 ]0
d 3 0,255,0,255,0,0,0,0,0,0 Latin 28 0 15 d	# d [64 ]a
i 3 0,255,0,255,0,0,0,0,0,0 Latin 7 0 16 i	# i [69 ]a
C 5 0,255,0,255,0,0,0,0,0,0 Latin 38 0 17 C	# C [43 ]A
y 3 0,255,0,255,0,0,0,0,0,0 Latin 37 0 18 y	# y [79 ]a
L 5 0,255,0,255,0,0,0,0,0,0 Latin 12 0 19 L	# L [4c ]A
h 3 0,255,0,255,0,0,0,0,0,0 Latin 58 0 20 h	# h [68 ]a
W 5 0,255,0,255,0,0,0,0,0,0 Latin 41 0 21 W	# W [57 ]A
p 3 0,255,0,255,0,0,0,0,0,0 Latin 52 0 22 p	# p [70 ]a
j 3 0,255,0,255,0,0,0,0,0,0 Latin 49 0 23 j	# j [6a ]a
E 5 0,255,0,255,0,0,0,0,0,0 Latin 11 0 24 E	# E [45 ]A
G 5 0,255,0,255,0,0,0,0,0,0 Latin 60 0 25 G	# G [47 ]A
X 5 0,255,0,255,0,0,0,0,0,0 Latin 4 0 26 X	# X [58 ]A
9 8 0,255,0,255,0,0,0,0,0,0 Common 27 2 27 9	# 9 [39 ]0
D 5 0,255,0,255,0,0,0,0,0,0 Latin 15 0 28 D	# D [44 ]A
N 5 0,255,0,255,0,0,0,0,0,0 Latin 9 0 29 N	# N [4e ]A
V 5 0,255,0,255,0,0,0,0,0,0 Latin 35 0 30 V	# V [56 ]A
K 5 0,255,0,255,0,0,0,0,0,0 Latin 43 0 31 K	# K [4b ]A
Q 5 0,255,0,255,0,0,0,0,0,0 Latin 33 0 32 Q	# Q [51 ]A
q 3 0,255,0,255,0,0,0,0,0,0 Latin 32 0 33 q	# q [71 ]a
Z 5 0,255,0,255,0,0,0,0,0,0 Latin 53 0 34 Z	# Z [5a ]A
v 3 0,255,0,255,0,0,0,0,0,0 Latin 30 0 35 v	# v [76 ]a
T 5 0,255,0,255,0,0,0,0,0,0 Latin 62 0 36 T	# T [54 ]A
Y 5 0,255,0,255,0,0,0,0,0,0 Latin 18 0 37 Y	# Y [59 ]A
c 3 0,255,0,255,0,0,0,0,0,0 Latin 17 0 38 c	# c [63 ]a
f 3 0,255,0,255,0,0,0,0,0,0 Latin 55 0 39 f	# f [66 ]a
5 8 0,255,0,255,0,0,0,0,0,0 Common 40 2 40 5	# 5 [35 ]0
w 3 0,255,0,255,0,0,0,0,0,0 Latin 21 0 41 w	# w [77 ]a
M 5 0,255,0,255,0,0,0,0,0,0 Latin 54 0 42 M	# M [4d ]A
k 3 0,255,0,255,0,0,0,0,0,0 Latin 31 0 43 k	# k [6b ]a
b 3 0,255,0,255,0,0,0,0,0,0 Latin 64 0 44 b	# b [62 ]a
u 3 0,255,0,255,0,0,0,0,0,0 Latin 8 0 45 u	# u [75 ]a
2 8 0,255,0,255,0,0,0,0,0,0 Common 46 2 46 2	# 2 [32 ]0
7 8 0,255,0,255,0,0,0,0,0,0 Common 47 2 47 7	# 7 [37 ]0
0 8 0,255,0,255,0,0,0,0,0,0 Common 48 2 48 0	# 0 [30 ]0
J 5 0,255,0,255,0,0,0,0,0,0 Latin 23 0 49 J	# J [4a ]A
A 5 0,255,0,255,0,0,0,0,0,0 Latin 5 0 50 A	# A [41 ]A
1 8 0,255,0,255,0,0,0,0,0,0 Common 51 2 51 1	# 1 [31 ]0
P 5 0,255,0,255,0,0,0,0,0,0 Latin 22 0 52 P	# P [50 ]A
z 3 0,255,0,255,0,0,0,0,0,0 Latin 34 0 53 z	# z [7a ]a
m 3 0,255,0,255,0,0,0,0,0,0 Latin 42 0 54 m	# m [6d ]a
F 5 0,255,0,255,0,0,0,0,0,0 Latin 39 0 55 F	# F [46 ]A
3 8 0,255,0,255,0,0,0,0,0,0 Common 56 2 56 3	# 3 [33 ]0
s 3 0,255,0,255,0,0,0,0,0,0 Latin 3 0 57 s	# s [73 ]a
H 5 0,255,0,255,0,0,0,0,0,0 Latin 20 0 58 H	# H [48 ]A
r 3 0,255,0,255,0,0,0,0,0,0 Latin 6 0 59 r	# r [72 ]a
g 3 0,255,0,255,0,0,0,0,0,0 Latin 25 0 60 g	# g [67 ]a
6 8 0,255,0,255,0,0,0,0,0,0 Common 61 2 61 6	# 6 [36 ]0
t 3 0,255,0,255,0,0,0,0,0,0 Latin 36 0 62 t	# t [74 ]a
4 8 0,255,0,255,0,0,0,0,0,0 Common 63 2 63 4	# 4 [34 ]0
B 5 0,255,0,255,0,0,0,0,0,0 Latin 44 0 64 B	# B [42 ]A
é 3 0,255,0,255,0,0,0,0,0,0 Latin 65 0 65 é	# é [e9 ]a
! 16 0,255,0,255,0,0,0,0,0,0 Common 66 10 66 !	# ! [21 ]p
