80
NULL 0 Common 0
Joined 7 0,255,0,255,0,0,0,0,0,0 Latin 1 0 1 Joined	# Joined [4a 6f 69 6e 65 64 ]a
|Broken|0|1 15 0,255,0,255,0,0,0,0,0,0 Common 2 10 2 |Broken|0|1	# Broken
g 3 0,255,0,255,0,0,0,0,0,0 Latin 17 0 3 g	# g [67 ]a
P 5 0,255,0,255,0,0,0,0,0,0 Latin 67 0 4 P	# P [50 ]A
o 3 0,255,0,255,0,0,0,0,0,0 Latin 14 0 5 o	# o [6f ]a
u 3 0,255,0,255,0,0,0,0,0,0 Latin 16 0 6 u	# u [75 ]a
s 3 0,255,0,255,0,0,0,0,0,0 Latin 40 0 7 s	# s [73 ]a
H 5 0,255,0,255,0,0,0,0,0,0 Latin 54 0 8 H	# H [48 ]A
> 0 0,255,0,255,0,0,0,0,0,0 Common 9 10 57 >	# > [3e ]
K 5 0,255,0,255,0,0,0,0,0,0 Latin 44 0 10 K	# K [4b ]A
X 5 0,255,0,255,0,0,0,0,0,0 Latin 64 0 11 X	# X [58 ]A
4 8 0,255,0,255,0,0,0,0,0,0 Common 12 2 12 4	# 4 [34 ]0
C 5 0,255,0,255,0,0,0,0,0,0 Latin 24 0 13 C	# C [43 ]A
O 5 0,255,0,255,0,0,0,0,0,0 Latin 5 0 14 O	# O [4f ]A
W 5 0,255,0,255,0,0,0,0,0,0 Latin 23 0 15 W	# W [57 ]A
U 5 0,255,0,255,0,0,0,0,0,0 Latin 6 0 16 U	# U [55 ]A
G 5 0,255,0,255,0,0,0,0,0,0 Latin 3 0 17 G	# G [47 ]A
L 5 0,255,0,255,0,0,0,0,0,0 Latin 28 0 18 L	# L [4c ]A
E 5 0,255,0,255,0,0,0,0,0,0 Latin 31 0 19 E	# E [45 ]A
N 5 0,255,0,255,0,0,0,0,0,0 Latin 52 0 20 N	# N [4e ]A
I 5 0,255,0,255,0,0,0,0,0,0 Latin 43 0 21 I	# I [49 ]A
? 16 0,255,0,255,0,0,0,0,0,0 Common 22 10 22 ?	# ? [3f ]p
w 3 0,255,0,255,0,0,0,0,0,0 Latin 15 0 23 w	# w [77 ]a
c 3 0,255,0,255,0,0,0,0,0,0 Latin 13 0 24 c	# c [63 ]a
z 3 0,255,0,255,0,0,0,0,0,0 Latin 35 0 25 z	# z [7a ]a
- 16 0,255,0,255,0,0,0,0,0,0 Common 26 3 26 -	# - [2d ]p
f 3 0,255,0,255,0,0,0,0,0,0 Latin 56 0 27 f	# f [66 ]a
l 3 0,255,0,255,0,0,0,0,0,0 Latin 18 0 28 l	# l [6c ]a
r 3 0,255,0,255,0,0,0,0,0,0 Latin 33 0 29 r	# r [72 ]a
m 3 0,255,0,255,0,0,0,0,0,0 Latin 58 0 30 m	# m [6d ]a
e 3 0,255,0,255,0,0,0,0,0,0 Latin 19 0 31 e	# e [65 ]a
T 5 0,255,0,255,0,0,0,0,0,0 Latin 42 0 32 T	# T [54 ]A
R 5 0,255,0,255,0,0,0,0,0,0 Latin 29 0 33 R	# R [52 ]A
A 5 0,255,0,255,0,0,0,0,0,0 Latin 59 0 34 A	# A [41 ]A
Z 5 0,255,0,255,0,0,0,0,0,0 Latin 25 0 35 Z	# Z [5a ]A
. 16 0,255,0,255,0,0,0,0,0,0 Common 36 6 36 .	# . [2e ]p
q 3 0,255,0,255,0,0,0,0,0,0 Latin 70 0 37 q	# q [71 ]a
b 3 0,255,0,255,0,0,0,0,0,0 Latin 69 0 38 b	# b [62 ]a
d 3 0,255,0,255,0,0,0,0,0,0 Latin 46 0 39 d	# d [64 ]a
S 5 0,255,0,255,0,0,0,0,0,0 Latin 7 0 40 S	# S [53 ]A
Y 5 0,255,0,255,0,0,0,0,0,0 Latin 45 0 41 Y	# Y [59 ]A
t 3 0,255,0,255,0,0,0,0,0,0 Latin 32 0 42 t	# t [74 ]a
i 3 0,255,0,255,0,0,0,0,0,0 Latin 21 0 43 i	# i [69 ]a
k 3 0,255,0,255,0,0,0,0,0,0 Latin 10 0 44 k	# k [6b ]a
y 3 0,255,0,255,0,0,0,0,0,0 Latin 41 0 45 y	# y [79 ]a
D 5 0,255,0,255,0,0,0,0,0,0 Latin 39 0 46 D	# D [44 ]A
j 3 0,255,0,255,0,0,0,0,0,0 Latin 48 0 47 j	# j [6a ]a
J 5 0,255,0,255,0,0,0,0,0,0 Latin 47 0 48 J	# J [4a ]A
V 5 0,255,0,255,0,0,0,0,0,0 Latin 71 0 49 V	# V [56 ]A
¥ 0 0,255,0,255,0,0,0,0,0,0 Common 50 4 50 ¥	# ¥ [a5 ]
$ 0 0,255,0,255,0,0,0,0,0,0 Common 51 4 51 $	# $ [24 ]
n 3 0,255,0,255,0,0,0,0,0,0 Latin 20 0 52 n	# n [6e ]a
5 8 0,255,0,255,0,0,0,0,0,0 Common 53 2 53 5	# 5 [35 ]0
h 3 0,255,0,255,0,0,0,0,0,0 Latin 8 0 54 h	# h [68 ]a
, 16 0,255,0,255,0,0,0,0,0,0 Common 55 6 55 ,	# , [2c ]p
F 5 0,255,0,255,0,0,0,0,0,0 Latin 27 0 56 F	# F [46 ]A
< 0 0,255,0,255,0,0,0,0,0,0 Common 57 10 9 <	# < [3c ]
M 5 0,255,0,255,0,0,0,0,0,0 Latin 30 0 58 M	# M [4d ]A
a 3 0,255,0,255,0,0,0,0,0,0 Latin 34 0 59 a	# a [61 ]a
% 16 0,255,0,255,0,0,0,0,0,0 Common 60 4 60 %	# % [25 ]p
2 8 0,255,0,255,0,0,0,0,0,0 Common 61 2 61 2	# 2 [32 ]0
0 8 0,255,0,255,0,0,0,0,0,0 Common 62 2 62 0	# 0 [30 ]0
\ 16 0,255,0,255,0,0,0,0,0,0 Common 63 10 63 \	# \ [5c ]p
x 3 0,255,0,255,0,0,0,0,0,0 Latin 11 0 64 x	# x [78 ]a
1 8 0,255,0,255,0,0,0,0,0,0 Common 65 2 65 1	# 1 [31 ]0
® 0 0,255,0,255,0,0,0,0,0,0 Common 66 10 66 ®	# ® [ae ]
p 3 0,255,0,255,0,0,0,0,0,0 Latin 4 0 67 p	# p [70 ]a
( 16 0,255,0,255,0,0,0,0,0,0 Common 68 10 72 (	# ( [28 ]p
B 5 0,255,0,255,0,0,0,0,0,0 Latin 38 0 69 B	# B [42 ]A
Q 5 0,255,0,255,0,0,0,0,0,0 Latin 37 0 70 Q	# Q [51 ]A
v 3 0,255,0,255,0,0,0,0,0,0 Latin 49 0 71 v	# v [76 ]a
) 16 0,255,0,255,0,0,0,0,0,0 Common 72 10 68 )	# ) [29 ]p
¢ 0 0,255,0,255,0,0,0,0,0,0 Common 73 4 73 ¢	# ¢ [a2 ]
8 8 0,255,0,255,0,0,0,0,0,0 Common 74 2 74 8	# 8 [38 ]0
€ 0 0,255,0,255,0,0,0,0,0,0 Common 75 4 75 €	# € [20ac ]
3 8 0,255,0,255,0,0,0,0,0,0 Common 76 2 76 3	# 3 [33 ]0
6 8 0,255,0,255,0,0,0,0,0,0 Common 77 2 77 6	# 6 [36 ]0
| 0 0,255,0,255,0,0,0,0,0,0 Common 78 10 78 |	# | [7c ]
9 8 0,255,0,255,0,0,0,0,0,0 Common 79 2 79 9	# 9 [39 ]0
